    0.00000  0.1000000000E-01  0.0000000000E+00
    0.00001  0.1010049777E-01 -0.1005016523E-06
    0.00009  0.1094166386E-01 -0.9417400417E-06
    0.00026  0.1295392929E-01 -0.2954425636E-05
    0.00042  0.1518865316E-01 -0.5189940956E-05
    0.00058  0.1779621559E-01 -0.7798764391E-05
    0.00073  0.2064795781E-01 -0.1065222545E-04
    0.00087  0.2395626670E-01 -0.1396290853E-04
    0.00102  0.2769340662E-01 -0.1770317195E-04
    0.00116  0.3201294390E-01 -0.2202687047E-04
    0.00131  0.3690196066E-01 -0.2692130153E-04
    0.00145  0.4249154362E-01 -0.3251801691E-04
    0.00159  0.4888194414E-01 -0.3891787858E-04
    0.00173  0.5619072163E-01 -0.4623933435E-04
    0.00187  0.6455474909E-01 -0.5462055965E-04
    0.00201  0.7413445706E-01 -0.6422391235E-04
    0.00214  0.8511950087E-01 -0.7524192650E-04
    0.00228  0.9772296142E-01 -0.8789197002E-04
    0.00242  0.1121786160E+00 -0.1024141934E-03
    0.00256  0.1287516229E+00 -0.1190832852E-03
    0.00270  0.1477415026E+00 -0.1382130303E-03
    0.00284  0.1694847333E+00 -0.1601612588E-03
    0.00298  0.1960176221E+00 -0.1870192047E-03
    0.00313  0.2265790329E+00 -0.2180733919E-03
    0.00328  0.2617130783E+00 -0.2539564134E-03
    0.00346  0.3123966250E+00 -0.3061279748E-03
    0.00362  0.3654238861E+00 -0.3613280051E-03
    0.00375  0.4119881929E+00 -0.4104169398E-03
    0.00389  0.4672531023E+00 -0.4695573770E-03
    0.00402  0.5267178801E+00 -0.5344380604E-03
    0.00414  0.5890612339E+00 -0.6040896047E-03
    0.00426  0.6539261651E+00 -0.6786443566E-03
    0.00438  0.7211100042E+00 -0.7585133517E-03
    0.00449  0.7911003565E+00 -0.8451232348E-03
    0.00461  0.8644829899E+00 -0.9404028549E-03
    0.00473  0.9421870270E+00 -0.1047363001E-02
    0.00485  0.1026094204E+01 -0.1171585395E-02
    0.00500  0.1121609882E+01 -0.1327259371E-02
    0.00513  0.1205150216E+01 -0.1480037268E-02
    0.00522  0.1263767655E+01 -0.1599591766E-02
    0.00535  0.1334412706E+01 -0.1761880028E-02
    0.00548  0.1399248420E+01 -0.1934769084E-02
    0.00560  0.1456340085E+01 -0.2114197758E-02
    0.00573  0.1507384360E+01 -0.2306334570E-02
    0.00587  0.1553364659E+01 -0.2518384932E-02
    0.00602  0.1595086966E+01 -0.2761978176E-02
    0.00621  0.1633842362E+01 -0.3064307474E-02
    0.00643  0.1666251936E+01 -0.3427387395E-02
    0.00660  0.1683799588E+01 -0.3709930232E-02
    0.00680  0.1698796510E+01 -0.4053482846E-02
    0.00701  0.1709221479E+01 -0.4410179410E-02
    0.00723  0.1716420443E+01 -0.4787205742E-02
    0.00747  0.1721325049E+01 -0.5194976749E-02
    0.00771  0.1724327260E+01 -0.5603668334E-02
    0.00800  0.1726413412E+01 -0.6102878743E-02
    0.00829  0.1727479868E+01 -0.6602531254E-02
    0.00866  0.1728048166E+01 -0.7256416480E-02
    0.00911  0.1728129753E+01 -0.8036011346E-02
    0.00967  0.1727862568E+01 -0.9002196101E-02
    0.01040  0.1727311318E+01 -0.1026005670E-01
    0.01142  0.1726443858E+01 -0.1202403127E-01
    0.01304  0.1725035479E+01 -0.1481787654E-01
    0.01625  0.1722230996E+01 -0.2034842651E-01
    0.02628  0.1713401474E+01 -0.3758308996E-01
    0.06882  0.1674887019E+01 -0.1096572499E+00
    0.11508  0.1630774251E+01 -0.1861157608E+00
    0.16614  0.1578795556E+01 -0.2680859364E+00
    0.21614  0.1523712114E+01 -0.3456630777E+00
    0.26515  0.1464385159E+01 -0.4189076304E+00
    0.30863  0.1405626304E+01 -0.4813232418E+00
    0.34793  0.1345234739E+01 -0.5354159374E+00
    0.38051  0.1287071071E+01 -0.5783126067E+00
    0.40170  0.1242908511E+01 -0.6051318259E+00
    0.41911  0.1200529390E+01 -0.6264185032E+00
    0.43370  0.1157992024E+01 -0.6436273248E+00
    0.44272  0.1126195100E+01 -0.6539352289E+00
    0.44773  0.1105563545E+01 -0.6595301863E+00
    0.45170  0.1086998916E+01 -0.6638775491E+00
    0.45534  0.1067446638E+01 -0.6678018142E+00
    0.45839  0.1048450030E+01 -0.6710256271E+00
    0.46084  0.1030629600E+01 -0.6735753007E+00
    0.46288  0.1013331754E+01 -0.6756612542E+00
    0.46461  0.9961237410E+00 -0.6774048412E+00
    0.46610  0.9788695157E+00 -0.6788681721E+00
    0.46737  0.9614215927E+00 -0.6801027952E+00
    0.46847  0.9436399934E+00 -0.6811498041E+00
    0.46942  0.9253776883E+00 -0.6820426260E+00
    0.47026  0.9065061336E+00 -0.6828072717E+00
    0.47099  0.8869069068E+00 -0.6834645301E+00
    0.47164  0.8664673636E+00 -0.6840312711E+00
    0.47221  0.8450800184E+00 -0.6845212727E+00
    0.47272  0.8226417718E+00 -0.6849458661E+00
    0.47317  0.7990530575E+00 -0.6853144342E+00
    0.47358  0.7742171669E+00 -0.6856347935E+00
    0.47395  0.7480396885E+00 -0.6859134912E+00
    0.47428  0.7204280114E+00 -0.6861560391E+00
    0.47457  0.6912908689E+00 -0.6863670981E+00
    0.47485  0.6605378981E+00 -0.6865506257E+00
    0.47509  0.6280791882E+00 -0.6867099946E+00
    0.47532  0.5938247832E+00 -0.6868480888E+00
    0.47553  0.5576840931E+00 -0.6869673814E+00
    0.47572  0.5195651437E+00 -0.6870699981E+00
    0.47589  0.4793735560E+00 -0.6871577698E+00
    0.47605  0.4370110703E+00 -0.6872322754E+00
    0.47620  0.3923732865E+00 -0.6872948766E+00
    0.47635  0.3453459929E+00 -0.6873467475E+00
    0.47648  0.2957987972E+00 -0.6873888972E+00
    0.47660  0.2435731656E+00 -0.6874221878E+00
    0.47672  0.1885513107E+00 -0.6874473109E+00
    0.47683  0.1306364106E+00 -0.6874648475E+00
    0.47693  0.6947033246E-01 -0.6874753233E+00
    0.47703  0.4106835013E-02 -0.6874790767E+00
    0.47711 -0.4994422647E-01 -0.6874773581E+00
    0.47718 -0.1082564691E+00 -0.6874713647E+00
    0.47726 -0.1711204818E+00 -0.6874607609E+00
    0.47733 -0.2387996205E+00 -0.6874451899E+00
    0.47741 -0.3108537866E+00 -0.6874244825E+00
    0.47748 -0.3859156873E+00 -0.6873989042E+00
    0.47756 -0.4640196627E+00 -0.6873683753E+00
    0.47763 -0.5452910139E+00 -0.6873326934E+00
    0.47770 -0.6298843108E+00 -0.6872915249E+00
    0.47777 -0.7180754041E+00 -0.6872443185E+00
    0.47784 -0.8103135915E+00 -0.6871901969E+00
    0.47791 -0.9073773626E+00 -0.6871277231E+00
    0.47799 -0.1010771048E+01 -0.6870543414E+00
    0.47807 -0.1124044897E+01 -0.6869646282E+00
    0.47817 -0.1260829599E+01 -0.6868402644E+00
    0.47826 -0.1361904024E+01 -0.6867337593E+00
    0.47833 -0.1444751884E+01 -0.6866341465E+00
    0.47841 -0.1532041422E+01 -0.6865131245E+00
    0.47849 -0.1609382198E+01 -0.6863869868E+00
    0.47857 -0.1678425974E+01 -0.6862529760E+00
    0.47866 -0.1740663350E+01 -0.6861067773E+00
    0.47875 -0.1797116222E+01 -0.6859423200E+00
    0.47885 -0.1848913115E+01 -0.6857480885E+00
    0.47899 -0.1899057602E+01 -0.6854881909E+00
    0.47913 -0.1933411706E+01 -0.6852280367E+00
    0.47924 -0.1953758522E+01 -0.6850080810E+00
    0.47937 -0.1970524226E+01 -0.6847497847E+00
    0.47951 -0.1982280184E+01 -0.6844810586E+00
    0.47965 -0.1990526947E+01 -0.6841946922E+00
    0.47981 -0.1996221949E+01 -0.6838835614E+00
    0.47997 -0.1999758117E+01 -0.6835717231E+00
    0.48016 -0.2002292472E+01 -0.6831890697E+00
    0.48035 -0.2003662542E+01 -0.6828060536E+00
    0.48060 -0.2004514389E+01 -0.6823035163E+00
    0.48090 -0.2004850993E+01 -0.6817035387E+00
    0.48127 -0.2004850102E+01 -0.6809586680E+00
    0.48175 -0.2004619398E+01 -0.6799865819E+00
    0.48244 -0.2004189973E+01 -0.6786181647E+00
    0.48353 -0.2003469856E+01 -0.6764361707E+00
    0.48571 -0.2002016145E+01 -0.6720578224E+00
    0.49274 -0.1997332074E+01 -0.6580090888E+00
    0.53340 -0.1969852977E+01 -0.5773503629E+00
    0.66677 -0.1874743987E+01 -0.3208764751E+00
    0.77419 -0.1791335154E+01 -0.1239151233E+00
    0.85076 -0.1727056623E+01  0.1081576073E-01
    0.88679 -0.1695093298E+01  0.7247049339E-01
    0.91072 -0.1673161482E+01  0.1127692671E+00
    0.96238 -0.1623604092E+01  0.1979399593E+00
    1.01342 -0.1571105071E+01  0.2794836412E+00
    1.06343 -0.1515299395E+01  0.3566906276E+00
    1.10954 -0.1458798514E+01  0.4252689399E+00
    1.15262 -0.1399907501E+01  0.4868754955E+00
    1.19147 -0.1339407087E+01  0.5401134738E+00
    1.21707 -0.1293760428E+01  0.5738248815E+00
    1.24266 -0.1240817776E+01  0.6062818266E+00
    1.25871 -0.1201686292E+01  0.6258936049E+00
    1.26942 -0.1171489801E+01  0.6386032624E+00
    1.27838 -0.1142325307E+01  0.6489698449E+00
    1.28546 -0.1115418376E+01  0.6569611379E+00
    1.29043 -0.1093390640E+01  0.6624515027E+00
    1.29418 -0.1074207886E+01  0.6665173663E+00
    1.29732 -0.1055681933E+01  0.6698630495E+00
    1.29996 -0.1037566405E+01  0.6726340066E+00
    1.30217 -0.1020002967E+01  0.6748990006E+00
    1.30401 -0.1002757673E+01  0.6767687932E+00
    1.30559 -0.9855523366E+00  0.6783323607E+00
    1.30694 -0.9681964292E+00  0.6796499626E+00
    1.30810 -0.9505624490E+00  0.6807650292E+00
    1.30910 -0.9325017522E+00  0.6817140295E+00
    1.30998 -0.9138800661E+00  0.6825255044E+00
    1.31075 -0.8945757686E+00  0.6832220739E+00
    1.31143 -0.8744740310E+00  0.6838220136E+00
    1.31203 -0.8534654616E+00  0.6843402107E+00
    1.31256 -0.8314453795E+00  0.6847888753E+00
    1.31304 -0.8083129410E+00  0.6851780926E+00
    1.31346 -0.7839704036E+00  0.6855162449E+00
    1.31384 -0.7583225297E+00  0.6858103396E+00
    1.31419 -0.7312760683E+00  0.6860662641E+00
    1.31450 -0.7027392857E+00  0.6862889891E+00
    1.31478 -0.6726215221E+00  0.6864827282E+00
    1.31504 -0.6408327473E+00  0.6866510678E+00
    1.31527 -0.6072830865E+00  0.6867970707E+00
    1.31548 -0.5718822729E+00  0.6869233605E+00
    1.31568 -0.5345389704E+00  0.6870321904E+00
    1.31586 -0.4951598743E+00  0.6871254997E+00
    1.31603 -0.4536484400E+00  0.6872049601E+00
    1.31618 -0.4099029797E+00  0.6872720136E+00
    1.31633 -0.3638136407E+00  0.6873279037E+00
    1.31646 -0.3152573022E+00  0.6873737008E+00
    1.31659 -0.2640882983E+00  0.6874103221E+00
    1.31671 -0.2101199376E+00  0.6874385458E+00
    1.31682 -0.1533469881E+00  0.6874589424E+00
    1.31693 -0.9350667226E-01  0.6874720888E+00
    1.31703 -0.2994227136E-01  0.6874784177E+00
    1.31713  0.3934952693E-01  0.6874780044E+00
    1.31720  0.9306155732E-01  0.6874733061E+00
    1.31725  0.1312474065E+00  0.6874679532E+00
    1.31733  0.2047503006E+00  0.6874535261E+00
    1.31741  0.2749250495E+00  0.6874353073E+00
    1.31748  0.3484850314E+00  0.6874121427E+00
    1.31756  0.4250887960E+00  0.6873840700E+00
    1.31763  0.5047698238E+00  0.6873509681E+00
    1.31770  0.5876966528E+00  0.6873125617E+00
    1.31777  0.6740686832E+00  0.6872684216E+00
    1.31784  0.7642375170E+00  0.6872178507E+00
    1.31791  0.8587906065E+00  0.6871597300E+00
    1.31798  0.9587956742E+00  0.6870921638E+00
    1.31806  0.1066497691E+01  0.6870115281E+00
    1.31815  0.1188238010E+01  0.6869087186E+00
    1.31824  0.1298951709E+01  0.6868017725E+00
    1.31831  0.1381310329E+01  0.6867115431E+00
    1.31839  0.1472003396E+01  0.6865983701E+00
    1.31847  0.1556590534E+01  0.6864753230E+00
    1.31855  0.1631192510E+01  0.6863472135E+00
    1.31863  0.1698040041E+01  0.6862099911E+00
    1.31872  0.1758415492E+01  0.6860590198E+00
    1.31881  0.1813307072E+01  0.6858871644E+00
    1.31893  0.1864062142E+01  0.6856793322E+00
    1.31909  0.1916375269E+01  0.6853694087E+00
    1.31924  0.1947378889E+01  0.6850850615E+00
    1.31936  0.1965415942E+01  0.6848395365E+00
    1.31950  0.1978686232E+01  0.6845753010E+00
    1.31964  0.1988013403E+01  0.6842958232E+00
    1.31979  0.1994501430E+01  0.6839940518E+00
    1.31994  0.1998597309E+01  0.6836914919E+00
    1.32013  0.2001565683E+01  0.6833243433E+00
    1.32031  0.2003223640E+01  0.6829567811E+00
    1.32055  0.2004297653E+01  0.6824808333E+00
    1.32083  0.2004783050E+01  0.6819179838E+00
    1.32117  0.2004879937E+01  0.6812283919E+00
    1.32161  0.2004718558E+01  0.6803453649E+00
    1.32221  0.2004358138E+01  0.6791381797E+00
    1.32313  0.2003758153E+01  0.6773064797E+00
    1.32480  0.2002649385E+01  0.6739638278E+00
    1.32920  0.1999713842E+01  0.6651416573E+00
    1.35083  0.1985210283E+01  0.6220590336E+00
    1.48578  0.1890299185E+01  0.3604583729E+00
    1.59727  0.1804982623E+01  0.1544068187E+00
    1.67852  0.1737673966E+01  0.1044117759E-01
    1.71493  0.1705785931E+01 -0.5223373336E-01
    1.73781  0.1685098651E+01 -0.9103597809E-01
    1.78690  0.1638832210E+01 -0.1726276617E+00
    1.83980  0.1585540081E+01 -0.2579367628E+00
    1.88961  0.1531266597E+01 -0.3355771615E+00
    1.93889  0.1472403598E+01 -0.4096180744E+00
    1.98285  0.1413948657E+01 -0.4730797491E+00
    2.02280  0.1353755891E+01 -0.5283840357E+00
    2.05607  0.1295710364E+01 -0.5724944830E+00
    2.07836  0.1250463366E+01 -0.6008854968E+00
    2.09769  0.1204464785E+01 -0.6246193033E+00
    2.10808  0.1175618631E+01 -0.6369864004E+00
    2.11540  0.1152636003E+01 -0.6455131773E+00
    2.12281  0.1126140071E+01 -0.6539515125E+00
    2.12894  0.1100489700E+01 -0.6607811179E+00
    2.13321  0.1079626916E+01 -0.6654331316E+00
    2.13645  0.1061312032E+01 -0.6689035333E+00
    2.13920  0.1043322683E+01 -0.6718039339E+00
    2.14154  0.1025567879E+01 -0.6742231310E+00
    2.14350  0.1008209424E+01 -0.6762126724E+00
    2.14515  0.9910158700E+00 -0.6778657147E+00
    2.14656  0.9737249010E+00 -0.6792559081E+00
    2.14778  0.9561972108E+00 -0.6804307553E+00
    2.14884  0.9382867401E+00 -0.6814290451E+00
    2.14975  0.9198564720E+00 -0.6822814698E+00
    2.15056  0.9007815066E+00 -0.6830123302E+00
    2.15126  0.8809448828E+00 -0.6836411699E+00
    2.15188  0.8602355667E+00 -0.6841838645E+00
    2.15244  0.8385474974E+00 -0.6846534061E+00
    2.15293  0.8157787004E+00 -0.6850605028E+00
    2.15337  0.7918305176E+00 -0.6854140381E+00
    2.15376  0.7666069758E+00 -0.6857214246E+00
    2.15412  0.7400142467E+00 -0.6859888811E+00
    2.15444  0.7119601639E+00 -0.6862216498E+00
    2.15473  0.6823537742E+00 -0.6864241694E+00
    2.15499  0.6511048971E+00 -0.6866002128E+00
    2.15523  0.6181236633E+00 -0.6867529990E+00
    2.15545  0.5833199961E+00 -0.6868852828E+00
    2.15566  0.5466029831E+00 -0.6869994283E+00
    2.15584  0.5078800605E+00 -0.6870974690E+00
    2.15601  0.4670558805E+00 -0.6871811569E+00
    2.15617  0.4240306481E+00 -0.6872520031E+00
    2.15632  0.3786975274E+00 -0.6873113113E+00
    2.15646  0.3309383521E+00 -0.6873602044E+00
    2.15659  0.2806160182E+00 -0.6873996462E+00
    2.15671  0.2275598029E+00 -0.6874304580E+00
    2.15682  0.1717123120E+00 -0.6874532685E+00
    2.15693  0.1128845190E+00 -0.6874686656E+00
    2.15703  0.5061971172E-01 -0.6874771282E+00
    2.15713 -0.1640585519E-01 -0.6874788959E+00
    2.15720 -0.7046833206E-01 -0.6874757060E+00
    2.15727 -0.1188080808E+00 -0.6874698679E+00
    2.15735 -0.1908760413E+00 -0.6874566344E+00
    2.15743 -0.2604136121E+00 -0.6874394007E+00
    2.15750 -0.3333607037E+00 -0.6874172212E+00
    2.15758 -0.4093477127E+00 -0.6873901479E+00
    2.15765 -0.4883953566E+00 -0.6873580805E+00
    2.15772 -0.5706550387E+00 -0.6873207742E+00
    2.15779 -0.6563071553E+00 -0.6872778399E+00
    2.15786 -0.7456705465E+00 -0.6872286429E+00
    2.15793 -0.8392718471E+00 -0.6871721691E+00
    2.15800 -0.9380486435E+00 -0.6871067265E+00
    2.15808 -0.1043900764E+01 -0.6870291828E+00
    2.15817 -0.1161771294E+01 -0.6869322581E+00
    2.15827 -0.1290782504E+01 -0.6868101806E+00
    2.15836 -0.1403930048E+01 -0.6866848224E+00
    2.15844 -0.1488086576E+01 -0.6865764477E+00
    2.15852 -0.1570572836E+01 -0.6864529167E+00
    2.15860 -0.1643662911E+01 -0.6863234770E+00
    2.15868 -0.1709275176E+01 -0.6861841772E+00
    2.15877 -0.1768598563E+01 -0.6860301163E+00
    2.15887 -0.1822624784E+01 -0.6858533490E+00
    2.15899 -0.1872913978E+01 -0.6856357565E+00
    2.15913 -0.1917126753E+01 -0.6853637546E+00
    2.15925 -0.1942271813E+01 -0.6851409127E+00
    2.15937 -0.1962117985E+01 -0.6848916708E+00
    2.15951 -0.1976379596E+01 -0.6846294203E+00
    2.15965 -0.1986395186E+01 -0.6843535734E+00
    2.15979 -0.1993385561E+01 -0.6840568541E+00
    2.15994 -0.1997837925E+01 -0.6837592955E+00
    2.16012 -0.2001081827E+01 -0.6834005538E+00
    2.16030 -0.2002924642E+01 -0.6830413669E+00
    2.16053 -0.2004141734E+01 -0.6825796709E+00
    2.16080 -0.2004723913E+01 -0.6820364968E+00
    2.16113 -0.2004884457E+01 -0.6813757088E+00
    2.16155 -0.2004766489E+01 -0.6805379774E+00
    2.16211 -0.2004444284E+01 -0.6794098613E+00
    2.16295 -0.2003901507E+01 -0.6777401778E+00
    2.16440 -0.2002936972E+01 -0.6748300028E+00
    2.16789 -0.2000615001E+01 -0.6678462258E+00
    2.18319 -0.1990376069E+01 -0.6373078782E+00
    2.30105 -0.1908335830E+01 -0.4074999256E+00
    2.41462 -0.1822941846E+01 -0.1955568236E+00
    2.50148 -0.1752240941E+01 -0.4024316128E-01
    2.54540 -0.1714278474E+01  0.3588319370E-01
    2.57975 -0.1683353813E+01  0.9424257617E-01
    2.62523 -0.1640484870E+01  0.1698349681E+00
    2.67536 -0.1590209074E+01  0.2508265436E+00
    2.72527 -0.1536224659E+01  0.3288629626E+00
    2.77471 -0.1477688455E+01  0.4033923148E+00
    2.81897 -0.1419442825E+01  0.4675309022E+00
    2.85933 -0.1359387855E+01  0.5236294052E+00
    2.89307 -0.1301425072E+01  0.5685411747E+00
    2.91464 -0.1258583131E+01  0.5961661796E+00
    2.93392 -0.1214187809E+01  0.6200208126E+00
    2.95083 -0.1167392707E+01  0.6401691641E+00
    2.95798 -0.1143971139E+01  0.6484330624E+00
    2.96275 -0.1126505134E+01  0.6538450911E+00
    2.96815 -0.1104191192E+01  0.6598733524E+00
    2.97297 -0.1081066164E+01  0.6651368159E+00
    2.97648 -0.1061351971E+01  0.6688965561E+00
    2.97920 -0.1043618512E+01  0.6717600414E+00
    2.98151 -0.1026131344E+01  0.6741526002E+00
    2.98348 -0.1008744191E+01  0.6761564381E+00
    2.98514 -0.9915107905E+00  0.6778221202E+00
    2.98656 -0.9742385209E+00  0.6792181294E+00
    2.98778 -0.9567181621E+00  0.6803988497E+00
    2.98884 -0.9388195800E+00  0.6814019361E+00
    2.98976 -0.9204065662E+00  0.6822582654E+00
    2.99057 -0.9013523600E+00  0.6829923944E+00
    2.99128 -0.8815397150E+00  0.6836239902E+00
    2.99190 -0.8608575696E+00  0.6841690186E+00
    2.99246 -0.8391997345E+00  0.6846405472E+00
    2.99295 -0.8164641172E+00  0.6850493442E+00
    2.99339 -0.7925519714E+00  0.6854043412E+00
    2.99379 -0.7673672539E+00  0.6857129899E+00
    2.99414 -0.7408160804E+00  0.6859815406E+00
    2.99447 -0.7128062420E+00  0.6862152618E+00
    2.99476 -0.6832467563E+00  0.6864186135E+00
    2.99502 -0.6520474264E+00  0.6865953866E+00
    2.99526 -0.6191183809E+00  0.6867488149E+00
    2.99548 -0.5843695573E+00  0.6868816657E+00
    2.99569 -0.5477100786E+00  0.6869963137E+00
    2.99587 -0.5090474432E+00  0.6870948013E+00
    2.99604 -0.4682864060E+00  0.6871788883E+00
    2.99620 -0.4253273335E+00  0.6872500924E+00
    2.99635 -0.3800636470E+00  0.6873097228E+00
    2.99649 -0.3323775993E+00  0.6873589074E+00
    2.99662 -0.2821328033E+00  0.6873986146E+00
    2.99674 -0.2291598517E+00  0.6874296696E+00
    2.99685 -0.1733952496E+00  0.6874527070E+00
    2.99696 -0.1146597207E+00  0.6874683145E+00
    2.99706 -0.5250787423E-01  0.6874769757E+00
    2.99716  0.1433734777E-01  0.6874789418E+00
    2.99724  0.6790041944E-01  0.6874759415E+00
    2.99730  0.1163493612E+00  0.6874702279E+00
    2.99739  0.1882686580E+00  0.6874572001E+00
    2.99746  0.2576771570E+00  0.6874401549E+00
    2.99754  0.3305081571E+00  0.6874181620E+00
    2.99761  0.4063784871E+00  0.6873912776E+00
    2.99768  0.4853066340E+00  0.6873594052E+00
    2.99775  0.5674407950E+00  0.6873223055E+00
    2.99782  0.6529579415E+00  0.6872795968E+00
    2.99789  0.7421711060E+00  0.6872306555E+00
    2.99796  0.8355963056E+00  0.6871744861E+00
    2.99804  0.9341488572E+00  0.6871094317E+00
    2.99811  0.1039671484E+01  0.6870324425E+00
    2.99820  0.1156892930E+01  0.6869365211E+00
    2.99832  0.1310393853E+01  0.6867898411E+00
    2.99841  0.1420817389E+01  0.6866642589E+00
    2.99849  0.1502870006E+01  0.6865557306E+00
    2.99857  0.1583557713E+01  0.6864314965E+00
    2.99865  0.1655271505E+01  0.6863006766E+00
    2.99873  0.1719745947E+01  0.6861592665E+00
    2.99882  0.1778099439E+01  0.6860020533E+00
    2.99892  0.1831345244E+01  0.6858201563E+00
    2.99905  0.1881337828E+01  0.6855915714E+00
    2.99917  0.1918751417E+01  0.6853513697E+00
    2.99924  0.1933706891E+01  0.6852253082E+00
    2.99937  0.1956266432E+01  0.6849752282E+00
    2.99950  0.1972301488E+01  0.6847154948E+00
    2.99964  0.1983529656E+01  0.6844448801E+00
    2.99978  0.1991397587E+01  0.6841556918E+00
    2.99994  0.1996813506E+01  0.6838407827E+00
    3.00010  0.2000153774E+01  0.6835251949E+00
    3.00029  0.2002535925E+01  0.6831362908E+00
    3.00049  0.2003806122E+01  0.6827470424E+00
    3.00074  0.2004581111E+01  0.6822336673E+00
    3.00105  0.2004866665E+01  0.6816183971E+00
    3.00143  0.2004832108E+01  0.6808504023E+00
    3.00194  0.2004576348E+01  0.6798402215E+00
    3.00265  0.2004118813E+01  0.6784004741E+00
    3.00390  0.2003291073E+01  0.6758970849E+00
    3.00644  0.2001605917E+01  0.6708239314E+00
    3.01550  0.1995556368E+01  0.6527062099E+00
    3.07308  0.1956394207E+01  0.5389328078E+00
    3.19732  0.1866936587E+01  0.3013519754E+00
    3.30149  0.1785483025E+01  0.1110446668E+00
    3.37662  0.1722035197E+01 -0.2073346848E-01
    3.42537  0.1678216651E+01 -0.1036239565E+00
    3.45443  0.1650917716E+01 -0.1519989311E+00
    3.50901  0.1596812319E+01 -0.2406524676E+00
    3.55844  0.1543920936E+01 -0.3182912899E+00
    3.60811  0.1485892388E+01 -0.3935646387E+00
    3.65282  0.1427989506E+01 -0.4587294887E+00
    3.69381  0.1368159915E+01 -0.5160532220E+00
    3.72825  0.1310333345E+01 -0.5622111212E+00
    3.75103  0.1266249902E+01 -0.5915607453E+00
    3.77248  0.1217870712E+01 -0.6182208284E+00
    3.78683  0.1179490744E+01 -0.6354351523E+00
    3.79599  0.1150903581E+01 -0.6461095497E+00
    3.80284  0.1126295173E+01 -0.6539063217E+00
    3.80837  0.1103390711E+01 -0.6600718272E+00
    3.81273  0.1082470540E+01 -0.6648442495E+00
    3.81619  0.1063289631E+01 -0.6685548752E+00
    3.81902  0.1045089230E+01 -0.6715399952E+00
    3.82139  0.1027409923E+01 -0.6739910943E+00
    3.82337  0.1010058056E+01 -0.6760169679E+00
    3.82506  0.9928468731E+00 -0.6777033071E+00
    3.82650  0.9755806033E+00 -0.6791184494E+00
    3.82773  0.9580808472E+00 -0.6803145670E+00
    3.82880  0.9402171072E+00 -0.6813301239E+00
    3.82973  0.9218487236E+00 -0.6821968172E+00
    3.83055  0.9028481987E+00 -0.6829396241E+00
    3.83126  0.8830980777E+00 -0.6835785223E+00
    3.83189  0.8624868683E+00 -0.6841297321E+00
    3.83245  0.8409080038E+00 -0.6846065224E+00
    3.83295  0.8182591048E+00 -0.6850198209E+00
    3.83340  0.7944411934E+00 -0.6853786869E+00
    3.83379  0.7693580380E+00 -0.6856906755E+00
    3.83415  0.7429156054E+00 -0.6859621214E+00
    3.83448  0.7150215737E+00 -0.6861983619E+00
    3.83477  0.6855848816E+00 -0.6864039142E+00
    3.83504  0.6545152873E+00 -0.6865826165E+00
    3.83528  0.6217229118E+00 -0.6867377422E+00
    3.83550  0.5871177280E+00 -0.6868720916E+00
    3.83571  0.5506089472E+00 -0.6869880676E+00
    3.83589  0.5121042283E+00 -0.6870877362E+00
    3.83607  0.4715085879E+00 -0.6871728774E+00
    3.83623  0.4287228071E+00 -0.6872450265E+00
    3.83638  0.3836409655E+00 -0.6873055077E+00
    3.83651  0.3361463875E+00 -0.6873554619E+00
    3.83664  0.2861045124E+00 -0.6873958693E+00
    3.83677  0.2333492702E+00 -0.6874275655E+00
    3.83688  0.1778012615E+00 -0.6874512015E+00
    3.83699  0.1193061424E+00 -0.6874673634E+00
    3.83709  0.5744648378E-01 -0.6874765473E+00
    3.83719 -0.8943228296E-02 -0.6874790323E+00
    3.83726 -0.6089779560E-01 -0.6874765421E+00
    3.83733 -0.1092677104E+00 -0.6874712275E+00
    3.83741 -0.1807847327E+00 -0.6874587884E+00
    3.83749 -0.2498149316E+00 -0.6874422876E+00
    3.83756 -0.3223109388E+00 -0.6874208324E+00
    3.83764 -0.3978452726E+00 -0.6873944917E+00
    3.83771 -0.4764298934E+00 -0.6873631796E+00
    3.83778 -0.5582038120E+00 -0.6873266723E+00
    3.83785 -0.6433344122E+00 -0.6872846089E+00
    3.83792 -0.7321186385E+00 -0.6872363968E+00
    3.83799 -0.8250433690E+00 -0.6871810916E+00
    3.83806 -0.9229634957E+00 -0.6871171330E+00
    3.83814 -0.1027569665E+01 -0.6870416916E+00
    3.83823 -0.1143041981E+01 -0.6869484982E+00
    3.83834 -0.1288142513E+01 -0.6868128803E+00
    3.83842 -0.1391788074E+01 -0.6866992806E+00
    3.83850 -0.1475227623E+01 -0.6865940259E+00
    3.83858 -0.1559297245E+01 -0.6864710380E+00
    3.83866 -0.1633603832E+01 -0.6863426834E+00
    3.83874 -0.1700211411E+01 -0.6862050738E+00
    3.83883 -0.1760382674E+01 -0.6860535273E+00
    3.83893 -0.1815105090E+01 -0.6858807653E+00
    3.83904 -0.1865760834E+01 -0.6856711806E+00
    3.83921 -0.1918603500E+01 -0.6853525071E+00
    3.83935 -0.1947716603E+01 -0.6850812005E+00
    3.83947 -0.1965732341E+01 -0.6848343151E+00
    3.83961 -0.1978909106E+01 -0.6845698311E+00
    3.83975 -0.1988169595E+01 -0.6842899724E+00
    3.83990 -0.1994608826E+01 -0.6839876771E+00
    3.84005 -0.1998670150E+01 -0.6836845983E+00
    3.84024 -0.2001611775E+01 -0.6833165799E+00
    3.84042 -0.2003251866E+01 -0.6829481509E+00
    3.84066 -0.2004312068E+01 -0.6824707222E+00
    3.84094 -0.2004788163E+01 -0.6819058192E+00
    3.84129 -0.2004878937E+01 -0.6812132017E+00
    3.84173 -0.2004713335E+01 -0.6803253729E+00
    3.84234 -0.2004349020E+01 -0.6791096903E+00
    3.84326 -0.2003742839E+01 -0.6772601992E+00
    3.84495 -0.2002617654E+01 -0.6738682825E+00
    3.84947 -0.1999607663E+01 -0.6648232044E+00
    3.87187 -0.1984579638E+01 -0.6202046955E+00
    4.00692 -0.1889541291E+01 -0.3585087013E+00
    4.11823 -0.1804296947E+01 -0.1528588646E+00
    4.19924 -0.1737147965E+01 -0.9378875827E-02
    4.23514 -0.1705694142E+01  0.5240910325E-01
    4.25747 -0.1685512117E+01  0.9027462637E-01
    4.30658 -0.1639246684E+01  0.1719281341E+00
    4.35942 -0.1586051370E+01  0.2571615103E+00
    4.40922 -0.1531826914E+01  0.3348221510E+00
    4.45853 -0.1472999696E+01  0.4089199571E+00
    4.50252 -0.1414568013E+01  0.4724584843E+00
    4.54251 -0.1354390514E+01  0.5278525398E+00
    4.57584 -0.1296354126E+01  0.5720533226E+00
    4.59822 -0.1251025105E+01  0.6005642005E+00
    4.61769 -0.1204751537E+01  0.6244868019E+00
    4.62811 -0.1175845217E+01  0.6368965712E+00
    4.63541 -0.1152960108E+01  0.6454008720E+00
    4.64283 -0.1126465357E+01  0.6538566359E+00
    4.64900 -0.1100722336E+01  0.6607248118E+00
    4.65328 -0.1079809034E+01  0.6653958305E+00
    4.65652 -0.1061495461E+01  0.6688714503E+00
    4.65928 -0.1043508605E+01  0.6717763610E+00
    4.66163 -0.1025747947E+01  0.6742006331E+00
    4.66359 -0.1008385608E+01  0.6761941787E+00
    4.66524 -0.9911920332E+00  0.6778502225E+00
    4.66666 -0.9739155271E+00  0.6792419098E+00
    4.66788 -0.9563850824E+00  0.6804192685E+00
    4.66893 -0.9384780932E+00  0.6814193262E+00
    4.66985 -0.9200545344E+00  0.6822731293E+00
    4.67065 -0.9009871198E+00  0.6830051619E+00
    4.67136 -0.8811591008E+00  0.6836349935E+00
    4.67199 -0.8604595721E+00  0.6841785270E+00
    4.67254 -0.8387823997E+00  0.6846487828E+00
    4.67303 -0.8160255570E+00  0.6850564907E+00
    4.67347 -0.7920903565E+00  0.6854105514E+00
    4.67387 -0.7668808003E+00  0.6857183917E+00
    4.67422 -0.7403030398E+00  0.6859862416E+00
    4.67454 -0.7122648934E+00  0.6862193528E+00
    4.67483 -0.6826753976E+00  0.6864221715E+00
    4.67510 -0.6514443657E+00  0.6865984773E+00
    4.67534 -0.6184819279E+00  0.6867514944E+00
    4.67556 -0.5836980127E+00  0.6868839820E+00
    4.67576 -0.5470017205E+00  0.6869983082E+00
    4.67595 -0.5083005099E+00  0.6870965096E+00
    4.67612 -0.4674990704E+00  0.6871803410E+00
    4.67628 -0.4244976652E+00  0.6872513160E+00
    4.67642 -0.3791895515E+00  0.6873107400E+00
    4.67656 -0.3314567146E+00  0.6873597379E+00
    4.67669 -0.2811623099E+00  0.6873992752E+00
    4.67681 -0.2281360912E+00  0.6874301745E+00
    4.67693 -0.1723184652E+00  0.6874530666E+00
    4.67703 -0.1135239321E+00  0.6874685394E+00
    4.67714 -0.5129990021E-01  0.6874770735E+00
    4.67724  0.1566028149E-01  0.6874789126E+00
    4.67731  0.6954872687E-01  0.6874757908E+00
    4.67737  0.1179370523E+00  0.6874699957E+00
    4.67746  0.1899517106E+00  0.6874568351E+00
    4.67754  0.2594436812E+00  0.6874396682E+00
    4.67761  0.3323496529E+00  0.6874175548E+00
    4.67768  0.4082953202E+00  0.6873905484E+00
    4.67775  0.4873006119E+00  0.6873585502E+00
    4.67783  0.5695157945E+00  0.6873213171E+00
    4.67790  0.6551200447E+00  0.6872784628E+00
    4.67797  0.7444301314E+00  0.6872293566E+00
    4.67804  0.8379688970E+00  0.6871729910E+00
    4.67811  0.9366659579E+00  0.6871076864E+00
    4.67819  0.1042400640E+01  0.6870303402E+00
    4.67828  0.1160038541E+01  0.6869337745E+00
    4.67838  0.1289872351E+01  0.6868111116E+00
    4.67847  0.1405000090E+01  0.6866835351E+00
    4.67855  0.1488756742E+01  0.6865755203E+00
    4.67863  0.1571156576E+01  0.6864519665E+00
    4.67871  0.1644184238E+01  0.6863224677E+00
    4.67879  0.1709745160E+01  0.6861830769E+00
    4.67888  0.1769024785E+01  0.6860288804E+00
    4.67898  0.1823015386E+01  0.6858518951E+00
    4.67909  0.1873288002E+01  0.6856338532E+00
    4.67924  0.1917326415E+01  0.6853622443E+00
    4.67935  0.1942119429E+01  0.6851425099E+00
    4.67948  0.1962021343E+01  0.6848931386E+00
    4.67961  0.1976312170E+01  0.6846309376E+00
    4.67975  0.1986347844E+01  0.6843551889E+00
    4.67990  0.1993352834E+01  0.6840586078E+00
    4.68005  0.1997815587E+01  0.6837611859E+00
    4.68023  0.2001067508E+01  0.6834026747E+00
    4.68041  0.2002915724E+01  0.6830437175E+00
    4.68064  0.2004137000E+01  0.6825824110E+00
    4.68091  0.2004722021E+01  0.6820397722E+00
    4.68124  0.2004884437E+01  0.6813797632E+00
    4.68166  0.2004767732E+01  0.6805432465E+00
    4.68222  0.2004446595E+01  0.6794172237E+00
    4.68305  0.2003905325E+01  0.6777517433E+00
    4.68450  0.2002944408E+01  0.6748524031E+00
    4.68796  0.2000636876E+01  0.6679119179E+00
    4.70312  0.1990497029E+01  0.6376662094E+00
    4.81965  0.1909428224E+01  0.4103887522E+00
    4.93330  0.1824060781E+01  0.1981594150E+00
    5.02044  0.1753214367E+01  0.4226107292E-01
    5.06485  0.1714858393E+01 -0.3475769301E-01
    5.09981  0.1683397834E+01 -0.9416180441E-01
    5.14429  0.1641503765E+01 -0.1681088123E+00
    5.19444  0.1591271642E+01 -0.2491987376E+00
    5.24433  0.1537403650E+01 -0.3272552928E+00
    5.29381  0.1478945359E+01 -0.4018995328E+00
    5.33814  0.1420750827E+01 -0.4661973257E+00
    5.37859  0.1360729465E+01 -0.5224841800E+00
    5.41244  0.1302786934E+01 -0.5675867037E+00
    5.43419  0.1259757578E+01 -0.5954701192E+00
    5.45380  0.1214760625E+01 -0.6197429517E+00
    5.46738  0.1178088681E+01 -0.6360006501E+00
    5.47668  0.1148821638E+01 -0.6468179711E+00
    5.48360  0.1123612840E+01 -0.6546814334E+00
    5.48894  0.1101131326E+01 -0.6606256188E+00
    5.49314  0.1080722409E+01 -0.6652079199E+00
    5.49653  0.1061662200E+01 -0.6688422494E+00
    5.49933  0.1043450420E+01 -0.6717850004E+00
    5.50166  0.1025800141E+01 -0.6741941084E+00
    5.50361  0.1008480113E+01 -0.6761842480E+00
    5.50527  0.9912733188E+00 -0.6778430673E+00
    5.50669  0.9739919111E+00 -0.6792362953E+00
    5.50791  0.9564641618E+00 -0.6804144289E+00
    5.50896  0.9385597694E+00 -0.6814151742E+00
    5.50988  0.9201387094E+00 -0.6822695816E+00
    5.51069  0.9010744050E+00 -0.6830021164E+00
    5.51139  0.8812500644E+00 -0.6836323690E+00
    5.51202  0.8605546954E+00 -0.6841762591E+00
    5.51257  0.8388821457E+00 -0.6846468186E+00
    5.51307  0.8161303768E+00 -0.6850547865E+00
    5.51351  0.7922006872E+00 -0.6854090707E+00
    5.51390  0.7669970682E+00 -0.6857171039E+00
    5.51426  0.7404256625E+00 -0.6859851211E+00
    5.51458  0.7123942822E+00 -0.6862183778E+00
    5.51487  0.6828119590E+00 -0.6864213238E+00
    5.51513  0.6515885040E+00 -0.6865977411E+00
    5.51537  0.6186340469E+00 -0.6867508563E+00
    5.51559  0.5838585184E+00 -0.6868834307E+00
    5.51580  0.5471710244E+00 -0.6869978337E+00
    5.51598  0.5084790330E+00 -0.6870961034E+00
    5.51615  0.4676872494E+00 -0.6871799958E+00
    5.51631  0.4246959614E+00 -0.6872510255E+00
    5.51646  0.3793984658E+00 -0.6873104988E+00
    5.51660  0.3316768118E+00 -0.6873595413E+00
    5.51673  0.2813942648E+00 -0.6873991192E+00
    5.51685  0.2283807797E+00 -0.6874300556E+00
    5.51696  0.1725758303E+00 -0.6874529824E+00
    5.51707  0.1137954090E+00 -0.6874684874E+00
    5.51717  0.5158865896E-01 -0.6874770518E+00
    5.51727 -0.1534390875E-01 -0.6874789213E+00
    5.51735 -0.6915653374E-01 -0.6874758284E+00
    5.51741 -0.1175623087E+00 -0.6874700522E+00
    5.51749 -0.1895542560E+00 -0.6874569230E+00
    5.51757 -0.2590265662E+00 -0.6874397848E+00
    5.51765 -0.3319148449E+00 -0.6874176999E+00
    5.51772 -0.4078427283E+00 -0.6873907223E+00
    5.51779 -0.4868298057E+00 -0.6873587538E+00
    5.51786 -0.5690258544E+00 -0.6873215522E+00
    5.51793 -0.6546095289E+00 -0.6872787323E+00
    5.51800 -0.7438967116E+00 -0.6872296651E+00
    5.51807 -0.8374086238E+00 -0.6871733458E+00
    5.51815 -0.9360714805E+00 -0.6871081004E+00
    5.51822 -0.1041755880E+01 -0.6870308388E+00
    5.51831 -0.1159294614E+01 -0.6869344264E+00
    5.51841 -0.1289486443E+01 -0.6868115079E+00
    5.51851 -0.1405464719E+01 -0.6866829773E+00
    5.51858 -0.1489047880E+01 -0.6865751188E+00
    5.51866 -0.1571410245E+01 -0.6864515549E+00
    5.51874 -0.1644410801E+01 -0.6863220305E+00
    5.51883 -0.1709949418E+01 -0.6861826000E+00
    5.51891 -0.1769210030E+01 -0.6860283444E+00
    5.51901 -0.1823185166E+01 -0.6858512640E+00
    5.51913 -0.1873450661E+01 -0.6856330257E+00
    5.51927 -0.1917413708E+01 -0.6853615847E+00
    5.51939 -0.1942051872E+01 -0.6851432186E+00
    5.51951 -0.1961978295E+01 -0.6848937933E+00
    5.51965 -0.1976282135E+01 -0.6846316142E+00
    5.51979 -0.1986326756E+01 -0.6843559091E+00
    5.51994 -0.1993338254E+01 -0.6840593893E+00
    5.52009 -0.1997805636E+01 -0.6837620282E+00
    5.52026 -0.2001061126E+01 -0.6834036195E+00
    5.52044 -0.2002911748E+01 -0.6830447643E+00
    5.52067 -0.2004134889E+01 -0.6825836307E+00
    5.52094 -0.2004721176E+01 -0.6820412298E+00
    5.52127 -0.2004884426E+01 -0.6813815668E+00
    5.52169 -0.2004768283E+01 -0.6805455893E+00
    5.52225 -0.2004447622E+01 -0.6794204954E+00
    5.52308 -0.2003907020E+01 -0.6777568786E+00
    5.52453 -0.2002947705E+01 -0.6748623363E+00
    5.52798 -0.2000646552E+01 -0.6679409780E+00
    5.54308 -0.1990550449E+01 -0.6378244801E+00
    5.65900 -0.1909918804E+01 -0.4116875701E+00
    5.77269 -0.1824563398E+01 -0.1993299655E+00
    5.85996 -0.1753651770E+01 -0.4316889212E-01
    5.90459 -0.1715122267E+01  0.3424518892E-01
    5.93982 -0.1683425082E+01  0.9411180562E-01
    5.98385 -0.1641963961E+01  0.1673280587E+00
    6.03402 -0.1591752876E+01  0.2484603277E+00
    6.08389 -0.1537937947E+01  0.3265253220E+00
    6.13338 -0.1479515185E+01  0.4012212358E+00
    6.17775 -0.1421343970E+01  0.4655909901E+00
    6.21824 -0.1361337952E+01  0.5219631603E+00
    6.25214 -0.1303404676E+01  0.5671521823E+00
    6.27398 -0.1260290016E+01  0.5951534368E+00
    6.29373 -0.1215018958E+01  0.6196173877E+00
    6.30727 -0.1178524504E+01  0.6358253892E+00
    6.31651 -0.1149509554E+01  0.6465849127E+00
    6.32348 -0.1124212290E+01  0.6545094538E+00
    6.32889 -0.1101533014E+01  0.6605278558E+00
    6.33311 -0.1081058869E+01  0.6651383325E+00
    6.33651 -0.1062011667E+01  0.6687808895E+00
    6.33931 -0.1043799036E+01  0.6717331974E+00
    6.34165 -0.1026135430E+01  0.6741520889E+00
    6.34361 -0.1008808900E+01  0.6761496138E+00
    6.34528 -0.9916023399E+00  0.6778140326E+00
    6.34670 -0.9743242391E+00  0.6792118055E+00
    6.34792 -0.9568023332E+00  0.6803936792E+00
    6.34898 -0.9389065273E+00  0.6813974992E+00
    6.34990 -0.9204965740E+00  0.6822544571E+00
    6.35071 -0.9014456821E+00  0.6829891254E+00
    6.35142 -0.8816369309E+00  0.6836211740E+00
    6.35204 -0.8609592261E+00  0.6841665850E+00
    6.35260 -0.8393063289E+00  0.6846384394E+00
    6.35309 -0.8165761299E+00  0.6850475153E+00
    6.35353 -0.7926698703E+00  0.6854027520E+00
    6.35393 -0.7674914953E+00  0.6857116076E+00
    6.35429 -0.7409471109E+00  0.6859803378E+00
    6.35461 -0.7129445017E+00  0.6862142152E+00
    6.35490 -0.6833926803E+00  0.6864177032E+00
    6.35516 -0.6522014470E+00  0.6865945959E+00
    6.35540 -0.6192809300E+00  0.6867481294E+00
    6.35562 -0.5845410693E+00  0.6868810732E+00
    6.35583 -0.5478909933E+00  0.6869958035E+00
    6.35601 -0.5092382108E+00  0.6870943644E+00
    6.35619 -0.4684874932E+00  0.6871785168E+00
    6.35634 -0.4255392331E+00  0.6872497796E+00
    6.35649 -0.3802868937E+00  0.6873094628E+00
    6.35663 -0.3326127957E+00  0.6873586952E+00
    6.35676 -0.2823806682E+00  0.6873984458E+00
    6.35688 -0.2294213166E+00  0.6874295406E+00
    6.35700 -0.1736702504E+00  0.6874526152E+00
    6.35710 -0.1149497744E+00  0.6874682572E+00
    6.35721 -0.5281631306E-01  0.6874769509E+00
    6.35731  0.1399978868E-01  0.6874789493E+00
    6.35738  0.6747618362E-01  0.6874759803E+00
    6.35744  0.1159354359E+00  0.6874702885E+00
    6.35753  0.1878302272E+00  0.6874572952E+00
    6.35760  0.2572168878E+00  0.6874402818E+00
    6.35768  0.3300283367E+00  0.6874183203E+00
    6.35775  0.4058790285E+00  0.6873914677E+00
    6.35782  0.4847870730E+00  0.6873596281E+00
    6.35789  0.5669001290E+00  0.6873225631E+00
    6.35796  0.6523945963E+00  0.6872798923E+00
    6.35803  0.7415825413E+00  0.6872309940E+00
    6.35811  0.8349782202E+00  0.6871748756E+00
    6.35818  0.9334932690E+00  0.6871098861E+00
    6.35826  0.1038961027E+01  0.6870329894E+00
    6.35834  0.1156075460E+01  0.6869372339E+00
    6.35846  0.1309000626E+01  0.6867913044E+00
    6.35856  0.1420593546E+01  0.6866645358E+00
    6.35863  0.1502531496E+01  0.6865562121E+00
    6.35871  0.1583258291E+01  0.6864319981E+00
    6.35879  0.1655003547E+01  0.6863012116E+00
    6.35887  0.1719504127E+01  0.6861598524E+00
    6.35896  0.1777879893E+01  0.6860027151E+00
    6.35907  0.1831143384E+01  0.6858209435E+00
    6.35919  0.1881140860E+01  0.6855926383E+00
    6.35931  0.1918459428E+01  0.6853536131E+00
    6.35938  0.1933501653E+01  0.6852272075E+00
    6.35951  0.1956119861E+01  0.6849771939E+00
    6.35964  0.1972199820E+01  0.6847175054E+00
    6.35978  0.1983458192E+01  0.6844470043E+00
    6.35992  0.1991347846E+01  0.6841579842E+00
    6.36008  0.1996779779E+01  0.6838432997E+00
    6.36024  0.2000131270E+01  0.6835279348E+00
    6.36043  0.2002522145E+01  0.6831394023E+00
    6.36063  0.2003798049E+01  0.6827505243E+00
    6.36088  0.2004577427E+01  0.6822377953E+00
    6.36119  0.2004865891E+01  0.6816234395E+00
    6.36157  0.2004833256E+01  0.6808568331E+00
    6.36207  0.2004578949E+01  0.6798489538E+00
    6.36279  0.2004123099E+01  0.6784135562E+00
    6.36403  0.2003299007E+01  0.6759210020E+00
    6.36655  0.2001625710E+01  0.6708834520E+00
    6.37551  0.1995647214E+01  0.6529772030E+00
    6.43216  0.1957126242E+01  0.5410040543E+00
    6.56430  0.1861784872E+01  0.2885934296E+00
    6.66287  0.1784476651E+01  0.1088436886E+00
    6.73585  0.1722836094E+01 -0.1915746192E-01
    6.78485  0.1678827910E+01 -0.1025123276E+00
    6.81336  0.1652071758E+01 -0.1500039611E+00
    6.86789  0.1598110786E+01 -0.2386354937E+00
    6.91728  0.1545371980E+01 -0.3162776999E+00
    6.96699  0.1487444717E+01 -0.3916826652E+00
    7.01178  0.1429608844E+01 -0.4570385202E+00
    7.05288  0.1369823534E+01 -0.5145928585E+00
    7.08746  0.1312023814E+01 -0.5609867549E+00
    7.11047  0.1267700785E+01 -0.5906727938E+00
    7.13234  0.1218559577E+01 -0.6178806013E+00
    7.14669  0.1180326805E+01 -0.6350959374E+00
    7.15575  0.1152203865E+01 -0.6456624420E+00
    7.16267  0.1127499418E+01 -0.6535536416E+00
    7.16832  0.1104222190E+01 -0.6598656213E+00
    7.17275  0.1083140432E+01 -0.6647034919E+00
    7.17622  0.1063972467E+01 -0.6684330592E+00
    7.17907  0.1045775479E+01 -0.6714362740E+00
    7.18145  0.1028071817E+01 -0.6739066841E+00
    7.18345  0.1010705408E+01 -0.6759475612E+00
    7.18514  0.9934935329E+00 -0.6776452072E+00
    7.18659  0.9762332614E+00 -0.6790694661E+00
    7.18783  0.9587444872E+00 -0.6802730842E+00
    7.18891  0.9408971094E+00 -0.6812948059E+00
    7.18984  0.9225500893E+00 -0.6821666083E+00
    7.19066  0.9035754973E+00 -0.6829136857E+00
    7.19138  0.8838556128E+00 -0.6835561768E+00
    7.19201  0.8632787392E+00 -0.6841104273E+00
    7.19258  0.8417381362E+00 -0.6845898051E+00
    7.19308  0.8191312823E+00 -0.6850053167E+00
    7.19352  0.7953590843E+00 -0.6853660843E+00
    7.19392  0.7703252179E+00 -0.6856797141E+00
    7.19428  0.7439355760E+00 -0.6859525822E+00
    7.19461  0.7160977811E+00 -0.6861900601E+00
    7.19490  0.6867207321E+00 -0.6863966930E+00
    7.19517  0.6557141648E+00 -0.6865763425E+00
    7.19541  0.6229881950E+00 -0.6867323012E+00
    7.19564  0.5884528115E+00 -0.6868673861E+00
    7.19584  0.5520172674E+00 -0.6869840136E+00
    7.19603  0.5135892971E+00 -0.6870842616E+00
    7.19620  0.4730740414E+00 -0.6871699199E+00
    7.19636  0.4303724782E+00 -0.6872425323E+00
    7.19651  0.3853789994E+00 -0.6873034305E+00
    7.19665  0.3379774366E+00 -0.6873537619E+00
    7.19678  0.2880340908E+00 -0.6873945122E+00
    7.19690  0.2353844592E+00 -0.6874265225E+00
    7.19702  0.1799414523E+00 -0.6874504515E+00
    7.19713  0.1215625400E+00 -0.6874668845E+00
    7.19723  0.5984305508E-01 -0.6874763237E+00
    7.19733 -0.6333360696E-02 -0.6874790609E+00
    7.19740 -0.5728223383E-01 -0.6874768282E+00
    7.19746 -0.1054313519E+00 -0.6874717458E+00
    7.19755 -0.1767425969E+00 -0.6874596243E+00
    7.19763 -0.2455633446E+00 -0.6874434198E+00
    7.19770 -0.3178772512E+00 -0.6874222564E+00
    7.19778 -0.3932293856E+00 -0.6873962102E+00
    7.19785 -0.4716280927E+00 -0.6873652012E+00
    7.19792 -0.5532074204E+00 -0.6873290137E+00
    7.19799 -0.6381297133E+00 -0.6872872975E+00
    7.19806 -0.7266835689E+00 -0.6872394763E+00
    7.19813 -0.8193409071E+00 -0.6871846324E+00
    7.19820 -0.9169260012E+00 -0.6871212545E+00
    7.19828 -0.1021054030E+01 -0.6870466238E+00
    7.19837 -0.1135644485E+01 -0.6869548195E+00
    7.19847 -0.1277168314E+01 -0.6868239984E+00
    7.19856 -0.1382243298E+01 -0.6867104595E+00
    7.19863 -0.1465348190E+01 -0.6866072622E+00
    7.19871 -0.1550667691E+01 -0.6864846179E+00
    7.19879 -0.1625920173E+01 -0.6863570254E+00
    7.19887 -0.1693294255E+01 -0.6862206265E+00
    7.19896 -0.1754117362E+01 -0.6860708783E+00
    7.19906 -0.1809381500E+01 -0.6859009389E+00
    7.19917 -0.1860366534E+01 -0.6856967442E+00
    7.19932 -0.1911807104E+01 -0.6854028030E+00
    7.19948 -0.1945578502E+01 -0.6851052836E+00
    7.19960 -0.1963896110E+01 -0.6848640686E+00
    7.19974 -0.1977617409E+01 -0.6846009281E+00
    7.19988 -0.1987263916E+01 -0.6843232011E+00
    7.20003 -0.1993985309E+01 -0.6840238519E+00
    7.20018 -0.1998246629E+01 -0.6837236905E+00
    7.20036 -0.2001342977E+01 -0.6833605673E+00
    7.20054 -0.2003086606E+01 -0.6829970158E+00
    7.20077 -0.2004226892E+01 -0.6825279061E+00
    7.20105 -0.2004757028E+01 -0.6819745162E+00
    7.20139 -0.2004883320E+01 -0.6812988149E+00
    7.20182 -0.2004742114E+01 -0.6804377259E+00
    7.20240 -0.2004399843E+01 -0.6792690811E+00
    7.20327 -0.2003827826E+01 -0.6775171463E+00
    7.20483 -0.2002791243E+01 -0.6743910414E+00
    7.20877 -0.2000171961E+01 -0.6665161644E+00
    7.22712 -0.1987881306E+01 -0.6299303643E+00
    7.35837 -0.1895909392E+01 -0.3749581286E+00
    7.47073 -0.1810392859E+01 -0.1666802948E+00
    7.55415 -0.1741646771E+01 -0.1849563417E-01
    7.59391 -0.1706911620E+01  0.5008066881E-01
    7.62051 -0.1682857747E+01  0.9515234003E-01
    7.66924 -0.1636796319E+01  0.1760554678E+00
    7.71932 -0.1586304694E+01  0.2567771034E+00
    7.76930 -0.1531905617E+01  0.3347160225E+00
    7.81860 -0.1473089324E+01  0.4088148996E+00
    7.86260 -0.1414660625E+01  0.4723654940E+00
    7.90259 -0.1354485406E+01  0.5277729741E+00
    7.93593 -0.1296450387E+01  0.5719872651E+00
    7.95832 -0.1251109088E+01  0.6005160989E+00
    7.97781 -0.1204794361E+01  0.6244669975E+00
    7.98824 -0.1175879059E+01  0.6368831448E+00
    7.99554 -0.1153008543E+01  0.6453840696E+00
    8.00296 -0.1126513962E+01  0.6538424410E+00
    8.00913 -0.1100757032E+01  0.6607164056E+00
    8.01342 -0.1079836144E+01  0.6653902731E+00
    8.01666 -0.1061522779E+01  0.6688666677E+00
    8.01942 -0.1043536309E+01  0.6717722482E+00
    8.02177 -0.1025774776E+01  0.6741972777E+00
    8.02373 -0.1008411853E+01  0.6761914210E+00
    8.02538 -0.9912182735E+00  0.6778479125E+00
    8.02680 -0.9739420432E+00  0.6792399605E+00
    8.02802 -0.9564120706E+00  0.6804176165E+00
    8.02907 -0.9385057682E+00  0.6814179191E+00
    8.02999 -0.9200830978E+00  0.6822719251E+00
    8.03080 -0.9010167557E+00  0.6830041275E+00
    8.03150 -0.8811899828E+00  0.6836341021E+00
    8.03213 -0.8604918654E+00  0.6841777567E+00
    8.03268 -0.8388162630E+00  0.6846481155E+00
    8.03317 -0.8160611432E+00  0.6850559117E+00
    8.03361 -0.7921278138E+00  0.6854100483E+00
    8.03401 -0.7669202735E+00  0.6857179540E+00
    8.03436 -0.7403446706E+00  0.6859858607E+00
    8.03468 -0.7123088215E+00  0.6862190213E+00
    8.03498 -0.6827217609E+00  0.6864218832E+00
    8.03524 -0.6514933015E+00  0.6865982268E+00
    8.03548 -0.6185335733E+00  0.6867512772E+00
    8.03570 -0.5837525055E+00  0.6868837943E+00
    8.03590 -0.5470592004E+00  0.6869981466E+00
    8.03609 -0.5083611198E+00  0.6870963711E+00
    8.03626 -0.4675629586E+00  0.6871802233E+00
    8.03642 -0.4245649883E+00  0.6872512168E+00
    8.03657 -0.3792604796E+00  0.6873106576E+00
    8.03671 -0.3315314394E+00  0.6873596706E+00
    8.03683 -0.2812410607E+00  0.6873992217E+00
    8.03696 -0.2282191654E+00  0.6874301336E+00
    8.03707 -0.1724058435E+00  0.6874530374E+00
    8.03718 -0.1136161022E+00  0.6874685212E+00
    8.03728 -0.5139793980E-01  0.6874770656E+00
    8.03738  0.1555285677E-01  0.6874789150E+00
    8.03745  0.6941569250E-01  0.6874758030E+00
    8.03752  0.1178101531E+00  0.6874700143E+00
    8.03760  0.1898171062E+00  0.6874568643E+00
    8.03768  0.2593024220E+00  0.6874397071E+00
    8.03775  0.3322024025E+00  0.6874176034E+00
    8.03783  0.4081420475E+00  0.6873906067E+00
    8.03790  0.4871411709E+00  0.6873586186E+00
    8.03797  0.5693498734E+00  0.6873213961E+00
    8.03804  0.6549471549E+00  0.6872785535E+00
    8.03811  0.7442494837E+00  0.6872294605E+00
    8.03818  0.8377791524E+00  0.6871731106E+00
    8.03825  0.9364646241E+00  0.6871078260E+00
    8.03833  0.1042182263E+01  0.6870305085E+00
    8.03842  0.1159786522E+01  0.6869339948E+00
    8.03852  0.1289741281E+01  0.6868112457E+00
    8.03861  0.1405157117E+01  0.6866833461E+00
    8.03869  0.1488855120E+01  0.6865753841E+00
    8.03877  0.1571242288E+01  0.6864518269E+00
    8.03885  0.1644260789E+01  0.6863223194E+00
    8.03893  0.1709814175E+01  0.6861829152E+00
    8.03902  0.1769087375E+01  0.6860286988E+00
    8.03912  0.1823072750E+01  0.6858516813E+00
    8.03924  0.1873342954E+01  0.6856335732E+00
    8.03938  0.1917355874E+01  0.6853620212E+00
    8.03949  0.1942096698E+01  0.6851427479E+00
    8.03962  0.1962006872E+01  0.6848933582E+00
    8.03976  0.1976302073E+01  0.6846311645E+00
    8.03989  0.1986340755E+01  0.6843554305E+00
    8.04004  0.1993347933E+01  0.6840588700E+00
    8.04019  0.1997812242E+01  0.6837614685E+00
    8.04037  0.2001065363E+01  0.6834029919E+00
    8.04055  0.2002914387E+01  0.6830440690E+00
    8.04078  0.2004136291E+01  0.6825828206E+00
    8.04105  0.2004721737E+01  0.6820402618E+00
    8.04138  0.2004884433E+01  0.6813803692E+00
    8.04180  0.2004767917E+01  0.6805440339E+00
    8.04236  0.2004446940E+01  0.6794183236E+00
    8.04319  0.2003905895E+01  0.6777534703E+00
    8.04464  0.2002945517E+01  0.6748557448E+00
    8.04810  0.2000640133E+01  0.6679216999E+00
    8.06324  0.1990515018E+01  0.6377195044E+00
    8.17956  0.1909592894E+01  0.4108246175E+00
    8.29323  0.1824229484E+01  0.1985522080E+00
    8.38041  0.1753361171E+01  0.4256568713E-01
    8.42489  0.1714946735E+01 -0.3458613957E-01
    8.45994  0.1683406475E+01 -0.9414594840E-01
    8.50427  0.1641658050E+01 -0.1678471344E+00
    8.55443  0.1591432892E+01 -0.2489513964E+00
    8.60431  0.1537582656E+01 -0.3270108270E+00
    8.65380  0.1479136254E+01 -0.4016724067E+00
    8.69814  0.1420949522E+01 -0.4659943221E+00
    8.73861  0.1360933293E+01 -0.5223097629E+00
    8.77247  0.1302993858E+01 -0.5674412626E+00
    8.79425  0.1259935948E+01 -0.5953641070E+00
    8.81391  0.1214847257E+01 -0.6197008611E+00
    8.82748  0.1178235052E+01 -0.6359418362E+00
    8.83675  0.1149052576E+01 -0.6467398433E+00
    8.84369  0.1123814072E+01 -0.6546237805E+00
    8.84905  0.1101266507E+01 -0.6605927519E+00
    8.85326  0.1080835844E+01 -0.6651844808E+00
    8.85666  0.1061779918E+01 -0.6688216017E+00
    8.85945  0.1043567790E+01 -0.6717675786E+00
    8.86178  0.1025913048E+01 -0.6741799739E+00
    8.86374  0.1008590854E+01 -0.6761725956E+00
    8.86540  0.9913841445E+00 -0.6778332985E+00
    8.86682  0.9741038553E+00 -0.6792280554E+00
    8.86804  0.9565780804E+00 -0.6804074472E+00
    8.86910  0.9386765858E+00 -0.6814092268E+00
    8.87002  0.9202592718E+00 -0.6822644923E+00
    8.87083  0.9011994897E+00 -0.6829977450E+00
    8.87153  0.8813804045E+00 -0.6836286018E+00
    8.87216  0.8606909895E+00 -0.6841730037E+00
    8.87271  0.8390250634E+00 -0.6846439989E+00
    8.87321  0.8162805637E+00 -0.6850523396E+00
    8.87365  0.7923587697E+00 -0.6854069443E+00
    8.87404  0.7671636572E+00 -0.6857152542E+00
    8.87440  0.7406013567E+00 -0.6859835114E+00
    8.87472  0.7125796707E+00 -0.6862169770E+00
    8.87501  0.6830076248E+00 -0.6864201054E+00
    8.87527  0.6517950264E+00 -0.6865966827E+00
    8.87551  0.6188520047E+00 -0.6867499387E+00
    8.87573  0.5840884936E+00 -0.6868826374E+00
    8.87594  0.5474136065E+00 -0.6869971505E+00
    8.87612  0.5087348254E+00 -0.6870955183E+00
    8.87629  0.4679568776E+00 -0.6871794982E+00
    8.87645  0.4249800867E+00 -0.6872506063E+00
    8.87660  0.3796978054E+00 -0.6873101503E+00
    8.87674  0.3319921748E+00 -0.6873592567E+00
    8.87687  0.2817266169E+00 -0.6873988927E+00
    8.87699  0.2287313745E+00 -0.6874298825E+00
    8.87710  0.1729445847E+00 -0.6874528590E+00
    8.87721  0.1141843730E+00 -0.6874684101E+00
    8.87731  0.5200235317E-01 -0.6874770181E+00
    8.87741 -0.1489079982E-01 -0.6874789310E+00
    8.87749 -0.6859269228E-01 -0.6874758797E+00
    8.87755 -0.1170202133E+00 -0.6874701313E+00
    8.87764 -0.1889795327E+00 -0.6874570474E+00
    8.87771 -0.2584233575E+00 -0.6874399507E+00
    8.87779 -0.3312860393E+00 -0.6874179070E+00
    8.87786 -0.4071881994E+00 -0.6873909710E+00
    8.87793 -0.4861489347E+00 -0.6873590455E+00
    8.87800 -0.5683173163E+00 -0.6873218894E+00
    8.87807 -0.6538712448E+00 -0.6872791193E+00
    8.87814 -0.7431253253E+00 -0.6872301084E+00
    8.87821 -0.8365984452E+00 -0.6871738562E+00
    8.87829 -0.9352119279E+00 -0.6871086963E+00
    8.87837 -0.1040823843E+01 -0.6870315567E+00
    8.87845 -0.1158220084E+01 -0.6869353646E+00
    8.87855 -0.1288934464E+01 -0.6868120718E+00
    8.87865 -0.1406142031E+01 -0.6866821610E+00
    8.87872 -0.1489472601E+01 -0.6865745303E+00
    8.87881 -0.1571780389E+01 -0.6864509516E+00
    8.87889 -0.1644741411E+01 -0.6863213895E+00
    8.87897 -0.1710247487E+01 -0.6861819010E+00
    8.87906 -0.1769480361E+01 -0.6860275590E+00
    8.87916 -0.1823432947E+01 -0.6858503394E+00
    8.87927 -0.1873688142E+01 -0.6856318132E+00
    8.87942 -0.1917541661E+01 -0.6853606143E+00
    8.87953 -0.1941951707E+01 -0.6851442655E+00
    8.87966 -0.1961914239E+01 -0.6848947636E+00
    8.87979 -0.1976237443E+01 -0.6846326171E+00
    8.87993 -0.1986295375E+01 -0.6843569767E+00
    8.88008 -0.1993316557E+01 -0.6840605482E+00
    8.88023 -0.1997790824E+01 -0.6837632772E+00
    8.88041 -0.2001051627E+01 -0.6834050207E+00
    8.88059 -0.2002905829E+01 -0.6830463171E+00
    8.88082 -0.2004131744E+01 -0.6825854404E+00
    8.88109 -0.2004719914E+01 -0.6820433925E+00
    8.88142 -0.2004884406E+01 -0.6813842431E+00
    8.88183 -0.2004769100E+01 -0.6805490659E+00
    8.88239 -0.2004449144E+01 -0.6794253501E+00
    8.88322 -0.2003909535E+01 -0.6777644967E+00
    8.88466 -0.2002952593E+01 -0.6748770614E+00
    8.88811 -0.2000660873E+01 -0.6679839865E+00
    8.90310 -0.1990629416E+01 -0.6380584614E+00
    9.01813 -0.1910652408E+01 -0.4136315106E+00
    9.13188 -0.1825315116E+01 -0.2010823705E+00
    9.21932 -0.1754306122E+01 -0.4452823214E-01
    9.26428 -0.1715520651E+01  0.3347098042E-01
    9.29991 -0.1683474118E+01  0.9402182015E-01
    9.34327 -0.1642655323E+01  0.1661538091E+00
    9.39346 -0.1592477306E+01  0.2473473691E+00
    9.44332 -0.1538742657E+01  0.3254242527E+00
    9.49284 -0.1480373664E+01  0.4001975285E+00
    9.53725 -0.1422237761E+01  0.4646754404E+00
    9.57781 -0.1362254987E+01  0.5211760554E+00
    9.61178 -0.1304335739E+01  0.5664954140E+00
    9.63374 -0.1261092170E+01  0.5946750113E+00
    9.65372 -0.1215406706E+01  0.6194286255E+00
    9.66748 -0.1178339245E+01  0.6358999062E+00
    9.67675 -0.1149188895E+01  0.6466936711E+00
    9.68365 -0.1124123512E+01  0.6545349721E+00
    9.68902 -0.1101577368E+01  0.6605170444E+00
    9.69325 -0.1081067570E+01  0.6651365309E+00
    9.69666 -0.1061979354E+01  0.6687865712E+00
    9.69946 -0.1043769402E+01  0.6717376076E+00
    9.70180 -0.1026114369E+01  0.6741547325E+00
    9.70376 -0.1008788435E+01  0.6761517732E+00
    9.70542 -0.9915808173E+00  0.6778159349E+00
    9.70684 -0.9743024490E+00  0.6792134139E+00
    9.70807 -0.9567802747E+00  0.6803950349E+00
    9.70913 -0.9388839164E+00  0.6813986537E+00
    9.71005 -0.9204732297E+00  0.6822554454E+00
    9.71085 -0.9014214634E+00  0.6829899743E+00
    9.71156 -0.8816116970E+00  0.6836219055E+00
    9.71219 -0.8609328408E+00  0.6841672171E+00
    9.71274 -0.8392786623E+00  0.6846389869E+00
    9.71324 -0.8165470569E+00  0.6850479904E+00
    9.71368 -0.7926392695E+00  0.6854031649E+00
    9.71407 -0.7674592483E+00  0.6857119668E+00
    9.71443 -0.7409131018E+00  0.6859806504E+00
    9.71475 -0.7129086162E+00  0.6862144872E+00
    9.71504 -0.6833548055E+00  0.6864179398E+00
    9.71531 -0.6521614706E+00  0.6865948015E+00
    9.71555 -0.6192387400E+00  0.6867483077E+00
    9.71577 -0.5844965529E+00  0.6868812273E+00
    9.71597 -0.5478440363E+00  0.6869959362E+00
    9.71616 -0.5091886964E+00  0.6870944781E+00
    9.71633 -0.4684353003E+00  0.6871786135E+00
    9.71649 -0.4254842337E+00  0.6872498610E+00
    9.71664 -0.3802289491E+00  0.6873095305E+00
    9.71677 -0.3325517495E+00  0.6873587505E+00
    9.71690 -0.2823163339E+00  0.6873984899E+00
    9.71702 -0.2293534525E+00  0.6874295743E+00
    9.71714 -0.1735988732E+00  0.6874526393E+00
    9.71725 -0.1148744908E+00  0.6874682723E+00
    9.71735 -0.5273625949E-01  0.6874769576E+00
    9.71745  0.1408739130E-01  0.6874789476E+00
    9.71752  0.6758643026E-01  0.6874759705E+00
    9.71759  0.1160432063E+00  0.6874702730E+00
    9.71767  0.1879443643E+00  0.6874572707E+00
    9.71775  0.2573367139E+00  0.6874402490E+00
    9.71782  0.3301532535E+00  0.6874182794E+00
    9.71790  0.4060090582E+00  0.6873914184E+00
    9.71797  0.4849223363E+00  0.6873595704E+00
    9.71804  0.5670408865E+00  0.6873224963E+00
    9.71811  0.6525412575E+00  0.6872798157E+00
    9.71818  0.7417357668E+00  0.6872309061E+00
    9.71825  0.8351391284E+00  0.6871747745E+00
    9.71832  0.9336639347E+00  0.6871097681E+00
    9.71840  0.1039145962E+01  0.6870328473E+00
    9.71849  0.1156288196E+01  0.6869370487E+00
    9.71861  0.1309362040E+01  0.6867909253E+00
    9.71870  0.1420649844E+01  0.6866644664E+00
    9.71877  0.1502618073E+01  0.6865560892E+00
    9.71885  0.1583334878E+01  0.6864318701E+00
    9.71893  0.1655072085E+01  0.6863010751E+00
    9.71902  0.1719565979E+01  0.6861597028E+00
    9.71911  0.1777936047E+01  0.6860025461E+00
    9.71921  0.1831195013E+01  0.6858207425E+00
    9.71933  0.1881191228E+01  0.6855923659E+00
    9.71946  0.1918526643E+01  0.6853530976E+00
    9.71952  0.1933548077E+01  0.6852267786E+00
    9.71965  0.1956153270E+01  0.6849767466E+00
    9.71978  0.1972222996E+01  0.6847170478E+00
    9.71992  0.1983474483E+01  0.6844465209E+00
    9.72007  0.1991359185E+01  0.6841574625E+00
    9.72022  0.1996787469E+01  0.6838427269E+00
    9.72038  0.2000136402E+01  0.6835273113E+00
    9.72058  0.2002525288E+01  0.6831386942E+00
    9.72077  0.2003799891E+01  0.6827497319E+00
    9.72103  0.2004578268E+01  0.6822368560E+00
    9.72133  0.2004866069E+01  0.6816222921E+00
    9.72171  0.2004832996E+01  0.6808553700E+00
    9.72222  0.2004578358E+01  0.6798469674E+00
    9.72293  0.2004122125E+01  0.6784105813E+00
    9.72418  0.2003297204E+01  0.6759155668E+00
    9.72670  0.2001621218E+01  0.6708699440E+00
    9.73568  0.1995626631E+01  0.6529158029E+00
    9.79254  0.1956960855E+01  0.5405359050E+00
    9.92467  0.1861615949E+01  0.2881767549E+00
   10.00000  0.1803083483E+01  0.1501234812E+00
